   -3      1     -9 
    1      0    -11 
   11      0      0 
   -3     -2      0 
   11     -1    -11 
  -22      0     -7 
   17     -1      0 
  -20     -8     12 
    8     12      3 
   -1     -2     -1 
   -9      0      1 
    4     -2      0 
   13      2     12 
   -6      0     -9 
   -4    -10      0 
   13      5     -5 
    8      7    -11 
   10     -3    -10 
  -19      0      3 
  -19     -5      0 
  -13      8      3 
   -5      0     -7 
   14      0      0 
    5      4      0 
   -2     -2     -7 
  -19    -12     14 
   22      0      8 
    5     15      0 
    7    -16     16 
  -14      0      7 
   14      3      0 
   -5      1     -4 
   -9    -17      7 
    8      0     -5 
  -22      0      0 
   -7      6      0 
   14     -2      9 
    8      0      0 
   -8      0      0 
   12     -4      0 
  -21     -4     12 
   -5     -7     11 
   -6      0     -3 
   -3    -11      0 
   -6      6     13 
    5      0     -7 
   16      3      0 
   -6     11     -3 
   16      6     -3 
   16     10      3 
   -6      0     -3 
   -8    -16      0 
    1    -17     -7 
   -9      0    -13 
   13      0      0 
   16    -11      0 
    8    -11      8 
  -11     10     10 
   14      0      2 
   13      0      0 
    5      6     -3 
   13      0    -13 
  -12      4      0 
   10     -4      5 
   21     -8    -22 
    9      0      2 
  -17      0      0 
   -1     -3      0 
    8     13      5 
    8      0      3 
   -1      0      0 
    5      3      0 
   -9     -1      0 
  -22    -11      1 
  -19      0     -2 
  -15      1      0 
   -2      4      2 
  -21      0      4 
  -14     -2      0 
  -19      1     -2 
    2     -5     -7 
   13      1     10 
  -17      0    -11 
   11      2      0 
  -19     14     -4 
   -5      0     -3 
  -12      0      0 
  -19     -1      0 
   -6      6      7 
   -1      1     -9 
   -6      0    -14 
    7     -7      0 
    5    -14      5 
    6      0     -7 
  -13     15      0 
  -13      8      8 
  -12      3     12 
   -3      0     -5 
    5      0      0 
    6    -12      0 
   -6     -8    -12 
   -8      0     11 
    3      0      0 
   22     -7      0 
   -5     22     19 
   -3     -2     20 
  -11      0    -19 
    3     -4      0 
    7    -11     -2 
   22      0      8 
   -3      6      0 
   -6      0     -2 
   21     15     -4 
   -3    -16     -4 
    6      0     -6 
   12     -9      0 
   -1      6     -2 
   11      0     -6 
   22      0      0 
   -6     11      0 
    8      7      3 
   20      3      1 
  -15      0     -6 
    7    -13      0 
